0 0.0352849 -0.386509 -0.92161 -0.999268 0 -0.0382581 -0.0147871 -0.922285 0.386226 0.256388 4.92145 -4.89037
1 0.0575038 -0.996557 -0.0597239 -0.998031 -0.0558814 -0.0284906 -0.025055 -0.0612446 0.997808 -1.1442 3.91444 4.86065
2 -0.0497494 -0.164707 -0.985087 0.992003 -0.122696 -0.0295838 -0.115994 -0.978681 0.169494 1.03071 4.34795 -4.73523
3 0.0172234 -0.375731 -0.926569 -0.999471 0.0191093 -0.0263275 -0.0275981 -0.926532 0.375203 0.880544 4.81255 -4.90318
4 0.0125327 -0.768576 -0.639636 0.999915 0.0118804 0.00531651 0.00351302 -0.639648 0.76866 4.6003 -2.97342 0.457085
5 0.00465286 -0.861086 0.508439 -0.980353 -0.104192 -0.167488 -0.197196 0.49767 0.844653 -4.87807 -4.67509 -4.92202
6 -0.528111 0.597223 0.603676 -0.849175 -0.3722 -0.374658 0.000933843 -0.710487 0.703709 -4.87557 -3.82022 -4.8948
7 0.00228854 0.999358 0.0357676 -0.723948 -0.0230187 0.689471 -0.689851 0.0274718 -0.72343 3.82304 0.860501 4.8685
8 -0.0230059 -0.0659356 -0.997559 -0.998333 0.0543559 0.019431 -0.052942 -0.996342 0.0670761 2.19491 3.46232 -4.88818
9 -0.0293802 -0.629782 -0.776216 -0.999284 -1.73856e-18 0.0378234 0.0238205 -0.776772 0.629331 -1.2385 4.86942 -0.985793
10 0.15798 -0.229886 -0.96031 -0.98663 -0.0761848 -0.144072 -0.0400408 0.970231 -0.238848 1.09612 4.78182 -4.61063
11 -0.0241824 0.902259 0.430516 -0.746742 0.270018 -0.607838 0.664674 0.336183 -0.667225 -4.85976 3.7874 2.28952
12 0.983357 -0.126475 -0.130436 -0.142863 -0.981812 -0.125044 -0.112248 0.141597 -0.98354 -3.43965 -4.74479 -0.559145
13 0.921641 -0.0519667 -0.384547 -0.271076 -0.795315 -0.54221 -0.277659 0.603964 -0.747082 -3.14129 -4.86353 -3.40377
14 0.0508017 0.774397 0.630657 -0.998704 0.0412574 0.0297884 -0.00295117 -0.631353 0.77549 4.56408 -2.89461 1.01767
15 0.222296 0.960355 0.168235 -0.974328 0.212511 0.0743204 0.035622 -0.180438 0.982941 -3.2717 -4.68899 1.06777
16 0.765517 -0.225701 -0.602531 0.640325 0.175556 0.747773 0.0629956 0.958248 -0.278913 -4.709 -2.23619 -4.65621
17 0.0347933 -0.991698 -0.12379 -0.997775 -0.0415184 0.0521677 0.0568742 -0.121699 0.990936 -1.99211 -4.56736 1.32815
18 0.0126347 -0.973447 0.228563 0.769587 0.155409 0.619342 -0.638417 0.168074 0.751116 -4.62895 -4.5369 -4.83425
19 -0.953855 0.288077 -0.0846846 0.299815 0.898294 -0.321215 0.016463 0.331782 0.943212 -3.17557 -4.47093 -4.85356
20 0.027876 -0.548831 -0.835468 -0.999444 1.8089e-17 -0.0333472 -0.018302 -0.835933 0.548526 0.768628 4.8837 -1.98239
21 -0.588437 -0.278744 -0.758976 0.807883 -0.164756 -0.565845 0.0326799 -0.946127 0.322141 -4.87785 3.65548 -3.05723
22 -0.0874169 -0.98795 0.127724 -0.982919 0.106387 0.150175 0.161953 0.112414 0.980375 -1.71454 -3.93359 4.88237
23 -0.0995265 -0.953779 -0.283549 0.935619 0.007293 -0.352937 0.338691 -0.30042 0.891648 -1.70944 -4.27757 4.88237
24 -0.264912 0.926638 0.266765 0.957457 0.21994 0.186823 -0.114445 -0.304907 0.945481 -0.806219 -4.64253 4.60627
25 0.149248 -0.431143 -0.889855 -0.986225 4.65617e-17 -0.165411 -0.0713157 -0.902284 0.425203 2.2663 4.83117 -3.68953
26 0.183478 -0.369618 -0.910889 -0.980311 -4.94123e-17 -0.197461 0.0729852 0.929184 -0.36234 2.87739 4.91033 -4.90536
27 -0.732198 0.388945 0.559113 0.6069 -2.15142e-16 0.794778 0.309125 0.921261 -0.23605 4.87336 4.8753 -4.25486
28 -0.972009 0.130791 0.195174 0.193875 0.915752 0.351869 0.13271 -0.379859 0.915475 -2.98477 -4.60449 -4.21454
29 -0.963515 0.243472 0.111174 0.203331 0.935945 -0.287512 0.174053 0.254417 0.951303 -2.806 -4.43944 -4.8326
30 -0.00368816 0.777298 0.629122 -0.999927 0.00436699 -0.0112575 -0.0114978 -0.629118 0.777225 4.84824 -3.12568 -1.24057
31 0.236515 -0.402449 -0.884361 -0.966048 -1.55321e-16 -0.258362 -0.103977 -0.915442 0.388785 2.80799 4.87379 -3.94488
32 -0.997286 0.0154997 0.0719762 -0.0425536 0.676428 -0.735279 -0.0600833 -0.736346 -0.673932 -2.67607 -4.7205 -4.60437
33 -0.103236 0.9808 0.165451 -0.994628 -0.103072 -0.00959551 0.00764215 -0.165553 0.986171 -2.33784 -4.56419 2.32044
34 0.0281111 -0.104281 -0.99415 -0.997937 0.0545007 -0.033935 -0.0577207 -0.993053 0.102534 -3.53604 1.03111 -4.60934
35 -0.878286 0.327894 0.347993 0.475245 0.67857 0.560076 0.0524917 -0.657289 0.751809 -3.00659 -4.34983 -4.27975
36 0.183478 -0.369618 -0.910889 -0.980311 -4.94123e-17 -0.197461 0.0729852 0.929184 -0.36234 3.12739 4.91033 -4.90536
37 -0.0369815 0.751601 0.65858 -0.999313 -0.0294812 -0.0224695 0.00252769 -0.658959 0.752175 -4.86507 -2.89131 -1.1073
38 0.941733 -0.279044 -0.18781 -0.270938 -0.298424 -0.91517 0.199326 0.912731 -0.35664 4.55597 4.73373 -3.44574
39 -0.0435503 0.659628 0.75033 -0.99738 -0.0721234 0.00551547 0.0577545 -0.748124 0.661041 4.86623 3.30927 0.447501
40 -0.125218 0.45647 0.880884 -0.992079 -0.0486447 -0.115817 -0.0100167 -0.888408 0.458945 1.31827 4.71749 -2.53336
41 -0.97082 0.138233 0.195957 -0.216347 -0.152367 -0.964354 -0.103448 -0.978609 0.177828 -2.8225 -4.15097 -4.68932
42 -0.733471 0.25799 0.628857 0.679446 0.304583 0.66752 0.019326 -0.916881 0.398693 -3.29312 -4.89125 -4.226
43 0.951328 -0.307377 -0.0222462 -0.144443 -0.380954 -0.913242 -0.272235 -0.872005 0.406811 -2.72247 -3.33531 -4.86947
44 0.380374 -0.866911 0.32215 0.916301 0.400468 -0.00424367 -0.125332 0.2968 0.946679 3.71534 -3.86058 4.60026
45 0.0216578 0.994725 0.10027 -0.998571 0.0264241 -0.0464531 -0.0488576 -0.0991203 0.993875 -0.231236 4.23485 4.86719
46 0.860079 -0.456885 0.226983 -0.37001 -0.252345 0.8941 -0.351222 -0.852982 -0.386089 -4.8753 -4.1906 -4.81682
47 0.042841 0.713546 0.699297 -0.998129 4.31091e-19 0.0611483 0.0436321 -0.700608 0.712211 4.35224 4.86085 0.0714908
48 0.53381 -0.403471 -0.743141 0.845342 0.232724 0.480871 -0.0210706 -0.884902 0.465301 -4.26455 -3.61201 -4.71306
49 0.946962 -0.321328 0.00343414 -0.176002 -0.527564 -0.831084 -0.268863 -0.7864 0.556137 -4.59112 -3.45975 -4.72208
50 0.0496733 -0.423219 -0.904665 -0.998496 5.38337e-20 -0.0548254 -0.0232031 -0.906028 0.422582 0.834221 4.8498 -3.88385
51 0.0472731 -0.506906 -0.860704 -0.998495 -2.11908e-17 -0.0548411 0.0277993 0.862001 -0.506143 0.812375 4.86208 -2.48074
52 0.362987 -0.0966014 -0.926773 0.931376 0.00781803 0.363975 -0.027915 -0.995292 0.0928101 -0.813544 0.307158 -4.71434
53 0.108943 -0.430588 -0.895949 -0.992688 -1.84446e-17 -0.120706 0.0519747 0.902548 -0.42744 1.59028 4.89245 -3.63532
54 -0.322043 -0.357511 -0.876627 0.946693 -0.113963 -0.301306 0.00781701 -0.92693 0.375154 -4.87526 3.08216 -2.82421
55 -0.000460368 -0.149811 -0.988715 -0.999759 0.0217686 -0.00283288 -0.0219473 -0.988475 0.149785 0.62157 4.18333 -4.5769
56 0.0124004 -0.16009 -0.987025 -0.999595 -0.0272509 -0.00813837 0.0255945 -0.986726 0.160363 -0.401803 4.11198 -4.59842
57 0.934006 -0.266515 -0.237915 -0.302707 -0.236685 -0.923227 0.189743 0.934318 -0.301741 -3.71181 -2.79697 -4.71861
58 -0.9899 -0.00537211 -0.141664 0.123617 -0.521894 -0.844005 -0.0693994 -0.852993 0.517287 -4.51453 -3.581 -4.5738
59 0.0278724 0.0951293 0.995075 -0.998629 0.0467695 0.0235008 -0.0443035 -0.994366 0.0963025 0.829772 3.82868 -4.86266
60 -0.174526 0.507373 0.843868 -0.983935 -0.057146 -0.169135 -0.0375909 -0.85983 0.509195 -4.83432 -2.67123 -4.28797
61 -0.027221 -0.0547446 -0.998129 -0.999613 0.00721479 0.0268657 0.00573054 0.998474 -0.0549199 -0.196463 3.31624 -4.85621
62 0.180915 -0.946777 -0.266239 0.759013 -0.0377419 0.64998 0.625435 0.31967 -0.711788 -3.58014 4.5732 3.51782
63 0.0186464 -0.632166 -0.774608 -0.999752 -0.00234263 -0.0221542 0.0121905 0.774829 -0.632053 -4.70695 -1.95178 -2.53375
64 0.0460496 -0.975681 -0.214302 -0.988013 -0.0128422 -0.153837 -0.147344 -0.218818 0.964577 -1.73992 4.54577 4.19178
65 0.0163626 -0.405191 -0.914085 0.99984 2.71832e-17 0.0178977 -0.00725199 -0.914232 0.405127 0.190238 4.85468 -4.2913
66 -0.413175 -0.518999 -0.748283 0.907061 -0.161653 -0.388726 0.080786 -0.83935 0.537554 4.82041 -3.16925 -4.37906
67 -0.0202731 0.961948 0.272478 0.642086 -0.196377 0.741055 0.766365 0.189978 -0.613672 -4.73987 3.24524 3.25258
68 0.311516 -0.946383 -0.0855427 0.531053 0.0987357 0.841566 -0.787997 -0.307589 0.533338 -4.87527 4.74942 3.57476
69 -0.0114897 -0.993808 -0.110514 -0.644633 0.0918504 -0.758955 0.764406 0.0625207 -0.641697 -4.8372 2.34725 4.20138
70 -0.0162422 0.999332 0.0327336 -0.998612 -0.0145725 -0.0506168 -0.050106 -0.0335103 0.998182 -2.36076 2.12645 4.7542
71 0.85539 -0.398057 -0.331449 -0.444899 -0.236889 -0.863683 0.265278 0.886247 -0.379728 -4.8752 -3.20652 -4.91549
72 -0.644373 0.380673 0.663228 -0.707811 0.0313865 -0.705704 0.289459 0.924177 -0.24922 -4.87557 -3.69539 -4.75554
73 -0.151706 -0.190383 -0.969917 -0.988195 0.0504279 0.144666 0.0213689 0.980414 -0.195786 -4.55667 -1.87788 -4.64656
74 -0.0101665 -0.998072 -0.0612297 -0.753599 0.0478953 -0.655588 -0.657256 -0.0394776 0.752633 -4.69772 0.404553 4.48711
75 0.0383845 0.99742 0.0606552 -0.631325 -0.0228447 0.775182 0.774568 -0.0680481 0.628819 4.88295 0.185448 3.77329
76 -0.74496 0.377932 0.54973 -0.635458 -0.151196 -0.757188 -0.203048 -0.913404 0.352795 -4.33578 -2.60834 -4.8539
77 -0.0964192 0.103989 0.989894 -0.995277 0.00119651 -0.0970693 -0.0112786 -0.994578 0.103383 1.9187 4.40386 -4.86171
78 0.00330614 0.995659 0.0930151 -0.924355 -0.0324447 0.380152 -0.381519 0.0872358 -0.920235 4.84496 2.19107 3.93756
79 -0.237137 0.965639 0.10634 -0.971463 -0.235147 -0.0310586 -0.00498594 -0.11067 0.993845 1.79639 -4.87333 1.12468
80 0.100844 -0.118913 -0.98777 -0.994387 -0.0439909 -0.0962239 -0.0320106 0.99193 -0.122682 1.85399 4.2248 -4.72945
81 -0.0214062 -0.222837 -0.974621 0.99058 -0.136609 0.00947769 0.135254 0.965236 -0.223662 1.64844 4.71113 -4.52688
82 0.00759624 0.359005 0.933305 -0.996881 0.0760314 -0.0211326 0.0785472 0.930234 -0.358463 1.23876 4.74976 -4.2552
83 0.253494 -0.0605206 -0.965442 0.965986 0.0685625 0.249339 -0.051103 0.995809 -0.0758422 3.59353 1.01624 -4.61538
84 -0.0391276 0.760182 0.648531 -0.998185 -9.94526e-18 -0.0602232 -0.0457805 -0.64971 0.758802 -1.78049 4.88279 0.574584
85 -0.103841 0.989607 0.0994699 -0.994496 -0.10471 0.00354378 0.0139225 -0.0985545 0.995034 0.269494 -4.85911 1.72593
86 0.00604466 -0.190015 -0.981763 -0.999606 0.025768 -0.0111418 -0.0274151 -0.981443 0.189784 0.853225 4.36815 -4.85352
87 -0.13689 0.989559 0.045097 -0.989822 -0.134855 -0.0454579 -0.0389018 -0.0508608 0.997948 3.96935 -4.31213 4.72319
88 -0.0841949 -0.24842 -0.964986 -0.995053 0.0722066 0.0682298 -0.0527287 -0.965957 0.25327 -4.54332 -2.39651 -4.58641
89 0.10335 -0.36712 -0.924414 -0.993808 2.49578e-17 -0.111108 -0.0407899 -0.930174 0.364847 1.8721 4.90854 -4.90573
90 0.111256 -0.365454 -0.924157 -0.992831 -3.02464e-17 -0.119524 0.0436804 0.930829 -0.362834 1.6246 4.85209 -4.75966
91 -0.209031 0.225126 0.951643 -0.977903 -0.044705 -0.204224 -0.00343279 -0.973304 0.229496 2.29446 4.71667 -4.62345
92 -0.114941 -0.169931 -0.97873 -0.985537 0.143012 0.09091 -0.124522 -0.975024 0.183911 2.16682 4.62521 -4.76744
93 0.0617692 0.997843 -0.0222067 0.455066 -0.00835383 0.890419 0.888313 -0.065106 -0.4546 4.5668 -2.29322 4.26303
94 0.240678 -0.448653 -0.860688 0.963055 -3.79627e-17 0.269303 0.120824 0.893706 -0.432078 2.71519 4.87136 -3.55853
95 -0.296784 0.947804 0.11656 0.952293 0.302837 -0.0377897 -0.0711159 0.0997836 -0.992464 -3.49723 -4.71858 0.918613
96 -0.126427 -0.976016 -0.177225 0.802442 -0.205659 0.560171 0.583184 0.0713915 -0.809197 -4.84427 -3.16483 4.50132
97 -0.36152 0.925648 0.111708 0.931358 0.352963 0.0893838 -0.043309 -0.136355 0.989713 2.77926 -4.84555 1.16839
98 -0.133461 0.894858 0.425931 0.90066 -0.0698107 0.428881 0.413522 0.440858 -0.796646 -3.00167 4.69934 2.691
99 -0.0082989 0.859036 0.511848 0.960493 0.149243 -0.234902 -0.278179 0.489677 -0.826337 4.72417 0.364154 2.79388
100 -0.722827 0.412794 0.554187 0.608445 4.88559e-17 0.793596 0.327592 0.910824 -0.251162 4.74828 4.8752 -3.46101
101 0.266408 -0.145493 -0.952816 0.959324 -0.0557695 0.276744 -0.0934024 -0.987786 0.124718 4.13997 4.30114 -4.86398
102 0.840883 -0.328151 -0.430387 -0.5048 -0.188767 -0.842344 0.195173 0.925572 -0.324382 -4.21205 -2.44333 -4.8539
103 -0.269504 -0.955373 -0.120958 0.962446 -0.271472 -0.000212154 -0.032634 -0.116472 0.992658 -2.6532 -4.88239 3.10341
104 0.0364068 0.99862 0.037858 -0.992653 0.0405117 -0.114016 -0.115392 -0.0334289 0.992757 3.15327 2.54679 4.72299
105 -0.0302575 -0.0586805 -0.997818 -0.998752 0.0414604 0.0278476 -0.0397359 -0.997415 0.0598617 2.01613 3.43919 -4.74652
106 0.064632 -0.802167 -0.593591 -0.997882 -0.0563124 -0.0325529 0.00731365 -0.594438 0.804108 -4.63893 -3.58622 -2.0371
107 0.971307 -0.0992173 -0.216143 -0.222909 -0.0629783 -0.972803 0.0829066 0.993071 -0.0832877 -2.20985 -0.617629 -4.87406
108 0.967976 -0.104856 -0.228094 0.151351 0.96865 0.197003 0.200286 -0.225217 0.9535 -2.79021 -4.87873 -2.80911
109 0.320512 0.0506492 0.945889 0.946541 -0.0556077 -0.317756 0.0365047 0.997167 -0.0657645 -4.87532 1.8053 -4.90573
110 0.00087944 0.183198 0.983076 0.995487 -0.0934463 0.0165234 -0.0948918 -0.978625 0.182454 -4.87609 -1.70193 -4.82185
111 0.0487466 -0.757581 -0.650919 -0.998756 -0.0438391 -0.0237729 0.0105258 -0.651268 0.758775 -4.7221 -3.26103 -2.35076
112 -0.0304641 0.890122 0.454704 -0.773479 -0.309129 0.553325 -0.633089 0.334847 -0.697908 4.8749 3.17732 2.14374
113 -0.14014 0.224621 0.964316 -0.989784 -0.00597681 -0.142449 -0.0262335 -0.974428 0.223163 1.5133 4.23747 -4.51667
114 -0.0238644 0.903023 0.428928 0.952135 0.151319 -0.265598 -0.304746 0.402059 -0.863411 4.87367 2.81143 2.57967
115 -0.994274 0.0994892 0.0389931 -0.0577757 -0.193544 -0.979389 -0.0898917 -0.976034 0.198184 -1.13059 -2.2968 -4.87176
116 0.559503 -0.39548 -0.72839 -0.793043 -4.25211e-17 -0.609166 0.240913 0.918474 -0.313633 4.75294 4.90489 -4.69454
117 -0.0894004 -0.0698591 -0.993543 -0.993444 0.0776199 0.0839338 -0.0712552 -0.994532 0.0763403 2.19307 3.84355 -4.88818
118 -0.143107 -0.901612 -0.408187 0.985706 -0.0927943 -0.140614 0.0889022 -0.422475 0.902004 2.26405 4.70687 2.76449
119 -0.0190705 0.0679995 0.997503 -0.999624 0.0183757 -0.0203637 -0.0197146 -0.997516 0.0676234 1.47157 3.24114 -4.75047
120 0.734083 0.667207 0.126321 0.675653 -0.736261 -0.037579 -0.067932 -0.112935 0.991277 4.10145 -4.87273 0.21657
121 -0.755215 0.0979718 0.648115 0.655218 0.0850122 0.750641 -0.018444 -0.991552 0.128395 -4.60411 -0.150028 -4.62033
122 0.0770486 -0.922655 -0.37785 0.191412 -0.358238 0.913798 0.978481 0.142732 -0.149005 -4.58703 4.00782 2.63709
123 -0.796728 0.19196 0.573041 -0.594392 -0.0775838 -0.800424 -0.10919 -0.978331 0.175912 -4.87609 -1.83161 -4.92371
124 0.0543853 -0.0553407 -0.996985 -0.99852 -0.00392109 -0.0542514 -0.000906958 0.99846 -0.055472 0.588256 1.9966 -4.63695
125 -0.0481528 0.998837 0.00235897 0.911598 0.0449121 -0.408623 -0.408254 -0.0175259 -0.9127 2.80671 -1.18573 4.84602
126 -0.114667 0.151334 0.981809 -0.992527 0.0240648 -0.119628 -0.0417309 -0.98819 0.147444 1.91833 4.61551 -4.76744
127 0.839748 -0.403659 -0.363155 -0.447192 -0.134816 -0.88422 0.307965 0.904922 -0.293724 -4.75036 -3.03594 -4.91549
128 0.909921 -0.230926 -0.344553 -0.382652 -0.146788 -0.912157 0.160064 0.961835 -0.22193 -4.21087 -1.9408 -4.85804
129 0.0400344 0.998842 0.0266939 -0.986681 0.0437341 -0.156675 -0.157661 -0.020066 0.987289 -2.27715 -0.715929 4.87492
130 -0.241328 0.161756 0.956868 -0.970122 -0.0148228 -0.242165 -0.0249881 -0.98672 0.1605 -4.73888 -0.293846 -4.67227
131 -0.173105 -0.0520523 -0.983527 -0.984211 -0.0283036 0.174723 0.0369321 -0.998243 0.046331 -3.69742 3.35501 -4.86259
132 0.00528861 -0.0652318 -0.997856 -0.999719 0.0227139 -0.00678334 -0.0231077 -0.997612 0.0650934 1.15119 3.36392 -4.89213
133 0.0278719 -0.0918742 -0.99538 -0.998211 0.0501312 -0.0325783 0.0528927 0.994508 -0.0903126 1.02802 3.75772 -4.6365
134 0.00282583 0.999307 -0.0371195 -0.758482 0.0263324 0.651162 -0.651688 -0.0263144 -0.758031 3.30534 -0.535555 4.8838
135 -0.0501897 -0.0871563 -0.99493 -0.998008 -0.0337569 0.0533021 0.0382313 -0.995623 0.0852885 -0.306804 3.9966 -4.90149
136 -0.00770363 -0.451389 -0.892294 -0.998113 0.0578365 -0.0206408 -0.0609242 -0.890451 0.450982 0.0257605 4.73155 -3.28727
137 -0.0227654 -0.862517 -0.505516 -0.982277 -0.0748016 0.171863 0.186048 -0.500469 0.845527 4.57515 0.10423 2.6013
138 0.106007 -0.395141 -0.912483 -0.990036 0.0435959 -0.133895 -0.0926882 -0.917585 0.386583 1.30758 4.78395 -3.33773
139 -0.977782 0.0138233 -0.209166 -0.208338 0.0462201 0.976964 -0.0231725 -0.998836 0.0423133 -4.87506 2.68144 -4.76137
140 0.0378921 0.0580665 0.997593 -0.999217 -0.00917905 0.0384881 0.0113918 -0.998271 0.0576732 -0.322337 3.14428 -4.85621
141 -0.00559102 -0.0705527 -0.997492 -0.999713 0.023625 0.00393247 -0.0232883 -0.997228 0.0706645 0.114004 3.2351 -4.59107
142 -0.39976 0.101542 0.910978 0.915138 -0.0122725 0.402953 -0.0520967 -0.994756 0.0880191 -4.22128 0.800963 -4.88815
143 -0.0139688 0.0730573 0.99723 0.999901 0.00249259 0.0138236 -0.00147577 0.997325 -0.0730849 -2.5727 2.08877 -4.59461
144 -0.251403 -0.0857019 -0.964081 0.964147 -0.109599 -0.241678 0.0849503 0.990274 -0.110183 -4.87679 -0.691827 -4.91929
145 0.767797 -0.169949 -0.617742 -0.579108 -0.596555 -0.555659 0.274083 -0.784372 0.556452 -4.19501 -4.85978 -3.84043
146 0.0318482 0.999397 0.0138139 -0.998172 0.0310928 0.0518277 0.051367 -0.0154392 0.99856 -0.725027 0.313181 4.6661
147 0.0346397 -0.0536453 -0.997959 -0.998946 0.0282476 -0.0361924 -0.0301315 -0.99816 0.0526102 1.27937 2.67692 -4.85818
148 -0.250672 0.153794 0.955778 0.967752 0.0144169 0.251493 -0.0248988 -0.987998 0.152449 -4.74177 0.212245 -4.60708
149 -0.0213909 -0.711581 -0.702279 -0.999536 1.36408e-17 0.0304451 0.0216642 -0.702604 0.711251 2.85144 4.88768 0.308813
150 0.0279912 0.774174 0.632354 -0.997196 0.065548 -0.0361077 0.0694031 0.62957 -0.773837 -4.72154 1.01989 1.89327
151 0.00555752 -0.0532957 -0.998563 -0.999233 0.0384223 -0.00761194 -0.0387728 -0.997839 0.0530413 1.27583 3.18426 -4.89213
152 -0.0843775 0.445779 0.891158 -0.995524 0.000503915 -0.0945113 -0.0425802 -0.895143 0.443741 1.14785 4.57957 -2.52624
153 -0.178477 0.0606211 0.982075 -0.983515 0.0184748 -0.17988 -0.0290481 -0.99799 0.0563244 2.02496 2.38504 -4.6906
154 -0.0211794 0.9992 0.0339091 -0.995774 -0.0241139 0.0886106 0.0893575 -0.0318891 0.995489 -2.03955 1.78855 4.58713
155 0.0456318 -0.0545268 -0.997469 -0.998266 0.0346698 -0.0475635 -0.0371756 -0.99791 0.0528502 2.18765 2.90163 -4.85179
156 -0.305224 0.941839 0.140636 0.950113 0.311148 -0.0217162 0.0642118 -0.126992 0.989823 -2.55049 -4.6791 1.49103
157 0.0218252 -0.0662687 -0.997563 -0.999655 0.0131481 -0.0227444 -0.0146233 -0.997715 0.0659589 1.69975 3.1744 -4.85833
158 0.00682921 0.907977 0.418964 -0.863957 -0.205609 0.459677 -0.503519 0.365106 -0.783049 4.70605 3.26152 2.50051
159 -0.192724 0.970297 0.14622 -0.980612 -0.195833 0.007034 0.0354597 -0.142029 0.989227 -2.7072 -4.85366 1.55775
160 -0.00727459 0.925951 0.377574 -0.996278 0.0257194 -0.0822685 -0.0858876 -0.376767 0.922318 4.7291 0.733387 3.01086
161 0.0113457 -0.994343 -0.105613 0.931433 -0.0279108 0.362841 -0.363736 -0.102488 0.925847 4.77991 0.848888 4.16553
162 -0.0327603 -0.0468207 -0.998366 -0.999431 -0.00652032 0.0331011 0.00805948 -0.998882 0.0465804 1.67987 2.0531 -4.8321
163 -0.175486 -0.913907 -0.366031 0.8698 0.0302269 -0.492477 -0.461142 0.404797 -0.789612 2.96256 4.59093 2.90885
164 -0.675269 0.145667 0.723044 -0.735742 -0.0640282 -0.674229 -0.0519179 -0.98726 0.15041 -4.87679 -0.817342 -4.78467
165 0.633747 -0.182429 -0.751721 -0.766896 -0.0210823 -0.641425 -0.101167 -0.982993 0.153265 -4.34678 -0.812404 -4.73161
166 0.0970537 -0.150772 -0.983793 -0.994466 0.0252681 -0.101979 -0.0402342 -0.988246 0.147486 -4.5936 -0.830714 -4.59699
167 0.981567 0.0774751 0.174712 0.124916 -0.951934 -0.279673 0.144646 0.296342 -0.944065 2.94809 -4.54332 -2.33994
168 -0.118814 0.066096 0.990714 -0.992291 0.0275038 -0.120838 -0.0352353 -0.997434 0.0623186 2.31208 2.7123 -4.85179
169 0.0370488 -0.300497 -0.953063 -0.998802 -0.0416376 -0.0256987 0.0319608 -0.952874 0.30168 4.86683 1.29175 -3.87325
170 -0.0138008 0.598047 0.801342 -0.999831 -0.0179823 -0.00379891 0.012138 -0.801259 0.598194 4.69064 1.763 -0.432281
171 0.307996 -0.100523 -0.946062 0.950309 -0.014828 0.310954 -0.0452863 -0.994824 0.0909614 -1.21362 -0.47475 -4.87015
172 0.0112717 -0.304364 -0.952489 -0.994839 0.0926482 -0.0413782 -0.10084 -0.948039 0.301749 0.798618 4.74052 -4.07833
173 -0.291565 0.011252 0.956485 0.956045 0.035956 0.291008 -0.0311169 0.99929 -0.021241 4.87448 2.20146 -4.92371
174 -0.110812 -0.989782 -0.0897331 -0.993189 0.107016 0.0460796 0.0360059 -0.0942281 0.994899 -1.219 -4.85061 1.56689
175 0.943088 -0.0686033 -0.325389 0.331577 0.11948 0.935832 0.0253236 0.990464 -0.135428 -0.310114 -0.974869 -4.72359
176 0.125299 -0.579236 -0.805473 0.972217 -0.0901146 0.216041 0.197724 0.810164 -0.551852 4.57646 4.77669 -0.95111
177 0.8951 0.14528 0.421533 0.439105 -0.123224 -0.889945 -0.0773481 0.981687 -0.174091 2.58597 -1.21682 -4.55471
178 0.0558976 0.778465 0.625194 -0.815273 0.397061 -0.421511 0.576372 0.486143 -0.656857 -4.87582 4.74921 0.571924
179 0.0664447 -0.116115 -0.991011 -0.996047 0.0509701 -0.0727544 -0.0589598 -0.991927 0.112269 2.04598 4.03356 -4.61763
180 0.378374 -0.15409 -0.912737 0.919203 -0.0536481 0.390112 0.109079 0.986599 -0.121341 -4.24809 -0.64985 -4.86261
181 0.683636 -0.257185 -0.683006 0.713169 0.0366249 0.700035 -0.155024 -0.965668 0.208455 -4.34022 -1.59516 -4.86482
182 0.235259 -0.344197 -0.908945 -0.968805 -0.00808562 -0.247691 -0.077905 -0.938863 0.335362 -4.68058 -1.92589 -4.46896
183 0.498023 -0.197312 -0.844418 0.865148 0.0466889 0.499339 -0.0591008 -0.979228 0.193956 -4.59018 -1.54078 -4.76296
184 -0.0115003 0.998681 0.0500355 -0.997918 -0.0146386 0.0628151 -0.0634647 0.0492089 -0.99677 -0.588293 3.61796 4.88684
185 0.484011 -0.157709 -0.860733 0.873468 0.0277232 0.486092 -0.0527987 -0.987096 0.151172 -4.5986 -1.04085 -4.73438
186 0.0351938 -0.0710999 -0.996848 -0.998489 0.0396141 -0.0380772 -0.0421965 -0.996682 0.0695984 -3.47691 0.890984 -4.75068
187 -0.417877 0.0724133 0.905613 0.906732 0.0954558 0.410761 -0.0567015 0.992796 -0.105548 4.35481 1.0717 -4.81566
188 -0.153116 0.399448 0.903879 -0.986197 -0.00343798 -0.165541 -0.0630177 -0.916749 0.394461 -4.84727 -1.64135 -4.36956
189 0.983581 0.16028 0.0829428 0.169133 -0.978996 -0.113844 0.0629538 0.126003 -0.99003 1.79404 -4.86845 -0.565832
190 0.340225 -0.325773 -0.88211 0.939582 0.0800184 0.33284 0.0378453 0.942056 -0.333315 -4.85498 -1.27503 -4.41672
191 0.50575 -0.213101 -0.835945 0.860639 0.0580242 0.505899 -0.0593023 -0.975306 0.212749 -4.7218 -1.22247 -4.63252
192 -0.997128 -0.070285 -0.0281976 -0.0731872 0.990035 0.120311 0.0194605 0.122029 -0.992336 1.30557 -4.85413 -0.278626
193 0.0608038 0.510257 0.85787 -0.998134 0.0263227 0.0550888 0.00552807 -0.859619 0.510906 -0.447246 4.55525 -1.81601
194 0.203593 0.0708 0.976492 -0.978944 -0.000309991 0.204126 0.0147549 -0.99749 0.0692462 1.29257 0.545751 -4.82022
195 0.0294533 0.605009 0.795674 -0.999508 0.00925649 0.0299602 0.010761 -0.796165 0.604984 4.87753 -0.894419 -1.5762
196 -0.0748073 0.271769 0.959451 -0.997133 -0.00942667 -0.0750753 0.0113587 0.962316 -0.271695 4.62339 1.93823 -3.71161
197 0.0144371 -0.606553 -0.794912 0.999872 0.0142771 0.00726553 0.00694211 -0.794915 0.606681 4.86707 0.101945 -0.581032
198 -0.025392 -0.855002 -0.518003 -0.999328 0.0354053 -0.00945278 -0.0264222 -0.517415 0.855327 4.7208 -3.70568 -0.150975
199 0.0019249 -0.585546 -0.810637 -0.999926 -0.0108447 0.00545907 0.0119877 -0.810567 0.585524 1.21397 4.73624 -1.33056
200 0.00938134 0.997368 0.0718903 -0.999288 0.0119776 -0.0357688 -0.0365358 -0.0715035 0.996771 4.16103 1.83212 4.6137
201 0.0379666 -0.588023 -0.807952 -0.9985 -0.0542501 -0.00743771 0.039458 -0.807023 0.589201 4.86798 2.31229 -0.738075
202 0.00452056 -0.542429 -0.840089 -0.999881 0.00994422 -0.0118012 -0.0147553 -0.840043 0.54232 -4.86227 0.689207 -1.86567
203 -0.019749 -0.0608458 -0.997952 -0.998714 -0.0454095 0.0225328 0.0466875 -0.997114 0.0598707 2.86098 1.67182 -4.70877
204 -0.946907 -0.00907911 -0.32138 0.320195 -0.116888 -0.940113 0.0290299 0.993104 -0.113589 4.57863 -4.77446 -3.8336
205 -0.0171247 -0.671797 -0.740537 -0.999271 0.0367791 -0.0102573 -0.0341271 -0.739822 0.671937 -0.601412 4.62367 -0.184628
206 0.0138218 0.999791 0.0150336 -0.988877 0.0158946 -0.147882 0.14809 0.0128223 -0.988891 4.55892 0.529196 4.78221
207 -0.00551831 -0.990175 -0.139722 -0.612188 0.113826 -0.782477 0.790693 0.0812181 -0.606802 4.63858 0.0615928 3.94266
208 0.482728 -0.150776 -0.862694 0.872648 -0.000290828 0.488349 -0.0738824 -0.988568 0.131434 -4.74362 -1.0104 -4.86538
209 -0.22359 -0.177724 -0.958343 0.972435 -0.107423 -0.206956 0.0661666 0.9782 -0.196844 -4.86683 -1.19202 -4.76352
210 0.0472731 -0.506906 -0.860704 -0.998495 6.7463e-18 -0.0548411 0.0277993 0.862001 -0.506143 0.692429 4.86208 -2.64868
211 0.755824 -0.170703 -0.632132 0.6484 0.0607326 0.758874 0.0911511 0.983449 -0.156587 -4.86683 -1.31651 -4.89814
212 0.0405338 -0.919591 -0.390781 -0.994664 4.48082e-17 -0.103172 -0.0948757 -0.392878 0.914683 -0.710187 4.89491 4.03916
213 0.186881 -0.513217 -0.837666 -0.976006 -4.91173e-17 -0.217744 -0.11175 -0.858259 0.500903 3.07788 4.85731 -2.2841
214 -0.0488565 -0.573886 -0.817476 -0.998549 0.0466092 0.0269576 -0.0226313 -0.817608 0.575331 -4.85394 2.09577 -0.681372
215 0.012997 -0.575745 -0.817526 0.999856 0.0164142 0.00433592 -0.0109226 0.817465 -0.575875 4.86468 0.200092 -1.61023
216 0.0191051 -0.609417 -0.79262 -0.999791 -0.0174118 -0.0107114 0.00727324 -0.792659 0.609622 4.86522 -0.578185 -1.3175
217 -0.00367352 -0.602947 -0.797773 0.99996 0.00429784 -0.00785279 -0.00816352 0.79777 -0.602907 4.8622 -1.06221 -2.0283
218 -0.0399333 -0.556959 -0.82958 -0.999064 0.0360807 0.023868 0.0166383 0.829756 -0.557878 -4.72027 2.9328 -1.16283
219 -0.0625978 -0.0660965 -0.995848 -0.997604 -0.0253216 0.0643889 0.0294724 -0.997492 0.0643531 1.19066 0.902605 -4.88975
220 -0.203723 -0.0879851 -0.975067 -0.978999 0.0261019 0.202189 0.00766144 0.99578 -0.0914548 -0.341936 0.230079 -4.8377
221 -0.314961 0.164909 0.934668 -0.941015 0.0740422 -0.330164 0.123652 0.983526 -0.131862 -4.20127 -1.16294 -4.869
222 -0.0335254 0.998886 0.0332163 -0.984715 -0.0386968 0.169819 -0.170915 0.0270154 -0.984915 -2.62494 2.33186 4.87375
223 -0.674924 0.210584 0.7072 -0.736024 -0.124072 -0.665488 -0.0523973 -0.96967 0.238734 -4.72335 -1.72386 -4.68667
224 0.124975 -0.932172 -0.339759 0.938521 6.92903e-17 0.345221 -0.321806 -0.362015 0.874864 -3.38269 4.89659 4.81809
225 -0.0639725 -0.0859507 -0.994243 -0.997501 -0.0244323 0.0662942 -0.0299897 0.996 -0.0841729 1.68904 0.645911 -4.83877
226 0.12234 -0.0672403 -0.990208 -0.991963 -0.0407341 -0.119791 0.0322805 -0.996905 0.0716833 1.81094 0.305095 -4.8731
227 -0.0172538 0.541652 0.840426 -0.999825 -0.0154813 -0.0105485 -0.00729723 0.84046 -0.541824 4.8769 1.21517 -1.48384
228 0.0229857 -0.566824 -0.823518 -0.999527 -0.0298799 -0.00733215 0.0204506 -0.823297 0.567243 4.85636 0.715797 -1.3241
229 -0.0137379 -0.525871 -0.850454 0.999866 0.0003354 -0.0163588 -0.00888786 0.850564 -0.525796 4.59641 1.13434 -1.96611
230 0.00558919 0.989009 0.147747 -0.997328 0.0162761 -0.0712224 0.0728444 0.146954 -0.986457 -0.715121 4.51086 4.86606
231 -0.0955491 0.563674 0.820452 -0.993287 -9.38552e-18 -0.115677 0.0652043 0.825997 -0.55989 2.20459 4.87014 -1.6872
232 -0.964495 -0.0152275 -0.263663 0.261563 -0.193189 -0.945655 0.0365367 0.981043 -0.190313 -0.538489 -1.79778 -4.70155
233 -0.520501 0.275983 0.808029 -0.851491 -0.0973159 -0.51526 -0.0635687 -0.956223 0.28565 -4.87568 -2.33685 -4.79818
234 -0.00632471 0.999785 0.0197469 -0.981157 -0.0100179 0.192953 -0.193109 0.0181544 -0.981009 0.40263 0.657382 4.89645
235 0.0561161 0.683307 0.727971 -0.997889 0.0145197 0.0632941 0.0326793 -0.729987 0.68268 -4.87692 -2.09214 0.518563
236 0.902777 -0.193656 -0.384045 -0.402515 -0.0657292 -0.913051 0.151575 0.978865 -0.137288 -4.75178 -2.03584 -4.92371
237 0.000101603 -0.56331 -0.826246 -0.999764 -0.0179881 0.0121408 0.0217016 -0.82605 0.563179 4.67629 1.11174 -0.842591
238 0.690822 -0.250107 -0.678389 0.702232 0.00869832 0.711895 0.172149 0.968179 -0.181642 -4.87568 -2.2085 -4.92371
239 0.957434 -0.21768 -0.189568 -0.233088 -0.195649 -0.952571 0.170267 0.95621 -0.23806 -3.12553 -2.0843 -4.85374
240 -0.00713173 -0.999799 -0.0187369 -0.875934 0.0152848 -0.48219 -0.482379 -0.0129735 0.875867 4.62364 1.02848 4.73414
241 -0.985976 0.036542 -0.16284 -0.011602 0.958365 0.28531 0.166486 0.283198 -0.944501 3.44418 -4.55991 -2.69018
242 0.0462574 -0.511635 -0.857957 -0.998758 -0.0396219 -0.0302205 -0.018532 0.858289 -0.512832 4.85366 1.63023 -1.8662
243 0.0488746 -0.565876 -0.823041 -0.998364 -0.0521682 -0.0234179 0.0296849 -0.822839 0.567499 4.88449 2.88106 -1.10083
244 0.841995 0.181549 0.50802 0.527341 -0.0782961 -0.846038 0.113821 -0.98026 0.161663 2.87996 -1.41452 -4.71184
245 -0.998743 -0.0466338 -0.0183952 0.0263456 -0.176077 -0.984024 0.0426498 -0.983271 0.177084 0.676187 -1.80061 -4.86458
246 -0.941543 0.105054 0.320095 0.297025 0.707217 0.641577 0.158977 -0.699148 0.697078 -2.7379 -4.73801 -3.8194
247 0.699788 -0.345091 -0.625467 -0.70126 -0.165009 -0.693546 -0.136129 -0.92395 0.35747 -4.87516 -2.8327 -4.91549
248 -0.024265 -0.0753008 -0.996866 -0.997341 -0.0667195 0.0293164 0.068718 -0.994926 0.0734817 -3.19229 3.56223 -4.84218
249 0.0122129 -0.0625256 -0.997969 -0.999519 0.0276942 -0.013967 -0.0285113 -0.997659 0.0621573 0.336503 3.56215 -4.85604
250 -0.98113 -0.186419 -0.0513084 0.118189 -0.368214 -0.922198 0.153023 -0.91086 0.383299 1.51733 -3.18172 -4.71219
251 0.0455998 0.839451 0.541518 -0.987427 0.120011 -0.10289 0.151359 0.530018 -0.834369 -4.82451 2.33081 2.13288
252 -0.0045168 0.999864 0.0158883 -0.978483 -0.00769655 0.206182 -0.206276 0.0146152 -0.978385 -2.65965 0.981684 4.71173
253 0.027876 -0.548831 -0.835468 -0.999444 2.85613e-17 -0.0333472 -0.018302 -0.835933 0.548526 0.402313 4.8837 -1.7942
254 0.0963332 -0.0560502 -0.99377 -0.995282 0.00615264 -0.0968268 -0.0115415 -0.998409 0.0551931 0.308803 1.54489 -4.83832
255 -0.00335857 -0.571705 -0.820452 0.999992 -9.84057e-24 -0.00409352 -0.00234029 0.820459 -0.5717 -0.277715 4.8486 -1.70279
256 0.171802 -0.867111 -0.46755 0.938638 -4.16889e-17 0.344904 -0.29907 -0.498115 0.813903 -3.31522 4.89135 2.31925
257 0.101371 -0.518313 -0.849161 -0.994343 -0.0800115 -0.0698651 -0.0317307 0.85144 -0.523492 1.94739 4.74272 -2.05262
258 0.88789 0.449651 0.0972928 0.45939 -0.877927 -0.134927 -0.0247459 -0.164496 0.986067 3.81647 -4.83806 2.43427
259 0.00108504 -0.0450853 -0.998983 -0.999954 0.00952108 -0.0015158 0.00957973 0.998938 -0.0450729 1.01145 1.77886 -4.77421
260 -0.037511 -0.0367485 -0.99862 -0.999291 0.00449443 0.0373708 0.0031149 0.999314 -0.0368911 1.19168 2.31028 -4.88248
261 0.0686157 -0.523921 -0.848999 -0.99675 -1.438e-19 -0.0805569 0.0422055 0.851767 -0.522218 1.1848 4.87067 -2.08144
262 -0.087098 -0.0732666 -0.993502 0.992775 0.0762417 -0.0926568 0.0825349 -0.994394 0.0660968 -3.51285 3.36262 -4.70477
263 0.123209 0.973128 0.194527 -0.155541 -0.174661 0.972266 -0.980116 0.150049 -0.129842 4.5913 -2.02575 3.57662
264 0.376546 -0.30045 -0.876324 0.913589 -0.0363246 0.405012 0.153518 0.953106 -0.26081 -4.75085 -2.537 -4.87447
265 0.209442 -0.306991 -0.928381 0.967177 -0.0746683 0.242885 0.143884 0.948779 -0.281276 -4.87516 -2.71104 -4.78997
266 -0.037643 -0.144112 -0.988845 -0.998798 0.0364999 0.0327024 0.0313799 0.988888 -0.145313 1.31037 4.13791 -4.88171
267 0.110336 -0.410857 -0.904998 -0.99265 4.17292e-17 -0.121022 0.0497228 0.9117 -0.407838 1.3996 4.85904 -4.12467
268 -0.0857843 -0.993997 0.0678979 0.820772 -0.031874 0.570366 0.564779 -0.104657 -0.818579 -2.71194 -1.15295 4.72419
269 -0.00143058 0.0886933 0.996058 -0.999702 0.0241664 -0.0035877 -0.0243894 -0.995766 0.0886323 1.80928 3.90015 -4.86774
270 0.335876 -0.36382 -0.868805 0.941536 0.155542 0.298859 -0.0264046 0.918391 -0.394792 1.94405 4.71392 -4.31877
271 0.782003 -0.283255 -0.555192 -0.619347 -0.253306 -0.743132 -0.0698623 -0.924988 0.37352 -4.70949 -2.75064 -4.64387
272 -0.0308479 -0.154964 -0.987438 0.991999 -0.125745 -0.0112566 -0.122421 -0.979885 0.157603 2.29427 4.23675 -4.86171
273 -0.0875569 0.403085 0.910964 -0.983079 0.112742 -0.144374 0.160899 0.908191 -0.386393 2.47739 4.72867 -4.23073
274 0.960561 -0.232531 -0.152485 -0.207133 -0.232486 -0.950287 -0.18552 -0.944394 0.271482 -3.17638 -2.58627 -4.75082
275 0.00616566 -0.631435 -0.775404 0.999935 -0.00356989 0.0108581 0.00962428 0.775421 -0.631372 -4.5587 1.62142 -0.188262
276 0.0812581 -0.0660577 -0.994502 -0.996536 0.0123435 -0.0822442 -0.0177084 -0.997739 0.0648258 0.762617 2.022 -4.74951
277 0.149248 -0.431143 -0.889855 -0.986225 3.86922e-17 -0.165411 -0.0713157 -0.902284 0.425203 2.14017 4.83117 -3.8821
278 0.0715897 -0.397477 -0.914815 -0.996952 -2.87214e-17 -0.0780174 -0.0310101 -0.917612 0.396265 1.08928 4.89072 -4.39116
279 0.0724762 -0.375568 -0.923957 -0.996938 -2.53075e-17 -0.0782008 -0.0293697 -0.926795 0.374417 1.25593 4.8911 -4.75711
280 0.0724762 -0.375568 -0.923957 -0.996938 -2.46559e-17 -0.0782008 0.0293697 0.926795 -0.374417 1.13148 4.8911 -4.90318
281 0.438793 -0.878135 -0.190628 0.894622 0.446823 0.000959418 0.0843345 -0.170961 0.981662 -2.70749 -4.69171 0.099438
282 0.669566 -0.72319 -0.169345 0.737106 0.675035 0.0316639 0.0914148 -0.146026 0.985048 -3.24424 -4.70228 0.379591
283 -0.0299477 -0.999372 0.0189633 0.102318 0.0158072 0.994626 -0.994301 0.031727 0.101781 3.75691 -0.0427246 4.71285
284 0.443557 -0.45861 -0.770022 0.886065 0.095258 0.453667 -0.134706 -0.883517 0.448611 3.40543 4.54378 -2.28862
285 0.522042 -0.407898 -0.74906 0.85186 0.20559 0.481733 -0.0424988 -0.88958 0.454798 -4.83432 -2.79799 -4.44732
286 -0.259087 -0.935576 -0.239942 0.965761 -0.247501 -0.0777688 0.0133727 -0.251876 0.967667 -4.05918 -4.58386 4.15211
287 -0.173831 -0.947366 -0.268851 -0.983761 0.179444 0.00375321 -0.0446881 -0.265138 0.963174 -4.7059 -4.58913 3.43256
288 0.0462753 -0.653311 -0.755674 -0.997884 -0.0648148 -0.00507246 0.045665 -0.75431 0.654929 4.84383 -0.198033 1.4586
289 0.0860081 0.995686 0.0348056 -0.990765 0.0818029 0.108137 0.104823 -0.0437848 0.993527 2.29933 3.58348 4.88042
290 -0.832212 0.393432 0.390686 -0.499441 -0.225911 -0.836375 -0.240796 -0.891166 0.384501 -4.21626 -2.95398 -4.86134
291 0.0882406 -0.0700391 -0.993634 -0.995804 -0.0305064 -0.086283 0.024269 -0.997078 0.072437 4.01513 1.93261 -4.70629
292 0.664676 -0.515763 -0.54055 0.700464 0.178487 0.691009 0.259915 0.837933 -0.479909 -4.34085 -3.12212 -4.86134
293 0.607588 0.190575 0.77105 0.792891 -0.202354 -0.574785 0.0464853 0.96059 -0.274053 -4.54983 -2.92847 -4.63074
294 -0.00612709 -0.999981 0.000653614 -0.899344 0.0052247 -0.43721 -0.437198 0.00326665 0.899359 3.94383 0.618596 4.59152
295 0.0133484 -0.815989 -0.577913 -0.998827 0.0160189 -0.0456885 -0.0465388 -0.577845 0.814818 -4.56699 -0.607976 2.90381
296 -0.329111 -0.935964 -0.125128 0.943151 -0.319305 -0.0922559 0.0463942 -0.148377 0.987842 -3.56309 -4.56946 0.679851
297 -0.00274036 0.0619505 0.998075 0.998931 -0.0458818 0.00559059 -0.0461399 -0.997024 0.0617585 3.20291 3.48456 -4.87836
298 -0.237334 0.102924 0.96596 -0.971175 -0.00244364 -0.238355 -0.0221719 -0.994686 0.100537 -4.57788 1.33303 -4.57912
299 -0.350711 0.432144 0.830815 0.92128 -8.63712e-17 0.3889 -0.168061 -0.901805 0.398126 3.40345 4.84871 -3.59621
300 -0.0418631 0.600609 0.798446 -0.999118 -0.0226571 -0.0353413 -0.0031358 -0.799222 0.601028 -4.72377 -2.25657 -3.23351
301 0.482607 -0.283466 -0.828696 0.862413 -0.0112249 0.506082 -0.152759 -0.958917 0.239048 4.22305 4.59039 -4.40472
302 0.550138 0.831574 0.0763728 -0.831938 0.537857 0.136341 0.0722997 -0.138544 0.987714 -3.81078 -4.86262 0.794916
303 -0.0350708 0.649701 0.75938 -0.999369 -0.0184673 -0.0303543 -0.00569748 -0.759965 0.649938 -4.58392 -1.05542 -0.42512
304 0.240678 -0.448653 -0.860688 0.963055 -3.79627e-17 0.269303 0.120824 0.893706 -0.432078 2.71356 4.87136 -3.16545
305 -0.0796874 -0.068223 -0.994483 -0.996081 0.0438494 0.0768074 -0.0383674 -0.996706 0.0714499 2.70152 3.21402 -4.86592
306 0.0193975 -0.0469574 -0.998709 -0.997489 0.0671445 -0.0225309 -0.0681158 -0.996638 0.045537 3.32704 3.6716 -4.87836
307 0.0456053 0.998745 0.0206944 -0.998392 0.0462681 -0.0327642 -0.0336806 -0.0191669 0.999249 1.82653 1.84261 4.8521
308 -0.970042 0.16241 0.180671 0.218898 0.261763 0.939981 -0.105369 -0.951369 0.289472 -1.77997 -2.87207 -4.5748
309 0.950531 -0.0232073 0.30976 0.301068 -0.176676 -0.937093 0.0764748 0.983995 -0.16095 -1.33342 -1.21552 -4.62351
310 -0.964167 0.249171 0.0910777 -0.178949 -0.357386 -0.916653 -0.195854 -0.900105 0.389169 -2.2842 -3.27803 -4.84695
311 -0.964137 0.114196 0.239579 0.258081 0.192824 0.946685 -0.0619115 -0.974566 0.215381 -1.98635 -1.85927 -4.58359
312 0.912593 -0.120493 -0.390711 -0.400666 -0.0730955 -0.913304 0.0814876 0.990019 -0.114984 -2.32764 -0.818395 -4.87406
313 -0.986631 0.00585926 0.162866 -0.059534 -0.943245 -0.326718 0.151708 -0.332046 0.930983 -1.35206 -4.75205 -3.39268
314 0.191906 -0.564003 -0.803164 -0.972621 6.02903e-19 -0.232396 -0.131072 -0.825773 0.548561 3.7869 4.8779 -1.29528
315 -0.0859996 0.20883 0.974163 -0.996211 -0.00529973 -0.0868099 -0.0129657 -0.977938 0.208494 1.15201 4.57867 -4.58916
316 -0.0162558 0.643047 0.765654 -0.999866 -0.0120192 -0.0111338 -0.00204299 0.765732 -0.643156 -4.8481 -1.30214 -1.36547
317 0.302176 -0.100752 -0.947913 0.950506 -0.0435809 0.307635 0.0723057 0.993957 -0.0825963 -2.69725 0.385568 -4.8476
318 0.448084 -0.813638 -0.370424 0.866333 0.497462 -0.0447158 0.220654 -0.300874 0.927786 -4.43098 -4.69268 -2.0776
319 -0.10475 0.79163 0.601955 -0.994498 -0.0842659 -0.0622405 0.00145285 -0.605162 0.796101 4.74369 -3.47355 2.56385
320 -0.0610419 -0.587561 -0.806874 -0.997346 0.0680507 0.0258973 -0.0396921 -0.806313 0.590155 -4.85394 1.84672 -0.670657
321 -0.0480913 0.549139 0.834346 -0.998583 -0.0073662 -0.0527096 -0.022799 -0.835698 0.548715 -4.76778 -1.53214 -3.36604
322 -0.318752 -0.389488 -0.864116 0.92743 0.0600015 -0.369152 -0.195628 0.919075 -0.342097 -3.26255 4.72716 -3.35428
323 -0.0434256 -0.225683 -0.973232 0.989108 0.127422 -0.073682 -0.14064 0.965832 -0.217692 -3.19626 4.70022 -4.77155
324 -0.108788 -0.220608 -0.969277 -0.987305 -0.0895422 0.131192 0.115733 -0.971244 0.208066 -3.01066 4.70199 -4.64379
325 -0.13897 0.983901 0.112365 -0.989648 -0.142088 0.0202007 0.0358413 -0.108394 0.993462 0.273199 -4.8549 3.54366
326 0.253735 -0.479147 -0.84026 0.957305 -1.36114e-20 0.289079 -0.138511 -0.877735 0.45869 2.88417 4.8785 -2.82237
327 -0.0745425 -0.843338 -0.532188 -0.990332 -1.14283e-17 0.138714 0.116983 -0.537383 0.835185 1.84291 4.83054 1.86811
328 -0.0033256 -0.555214 -0.831701 0.99994 -0.0105501 0.00304459 0.010465 0.831641 -0.555216 -4.54207 -0.45145 -2.42958
329 0.082871 0.0823653 0.993151 -0.994803 -0.0523221 0.0873481 -0.0591582 0.995228 -0.0776012 2.82788 0.332359 -4.87031
330 -0.690288 0.389784 0.609566 -0.707806 -0.189076 -0.680633 0.150045 0.901287 -0.406409 3.94836 4.7112 -3.28195
331 0.937237 -0.104184 -0.332765 0.342971 0.10326 0.933653 0.0629106 0.989183 -0.132512 -1.78916 -1.1134 -4.86851
332 -0.111215 -0.471856 -0.874633 -0.993532 0.0731029 0.0868953 0.0229361 0.87864 -0.476934 -4.84944 2.8397 -2.2962
333 -0.00614799 -0.183083 -0.983078 -0.99706 -0.0739608 0.0200095 0.0763727 -0.980311 0.18209 -2.19193 4.62026 -4.78966
334 0.0712167 0.634008 0.77004 -0.996909 0.0709266 0.0338014 -0.0331859 -0.770067 0.6371 -4.72106 -2.01279 2.87284
335 -0.00516876 -0.621383 -0.78349 0.999976 -0.00690466 -0.00112088 0.00471323 0.783476 -0.621404 -4.68606 -0.489141 -0.777485
336 -0.0964105 0.548513 0.830565 -0.995311 -0.0465786 -0.0847729 -0.0078125 -0.834843 0.550432 1.76397 4.72635 -1.57078
337 -0.286195 0.129968 0.949316 0.95815 0.0454833 0.282631 -0.00644495 0.990474 -0.137546 1.20499 0.166422 -4.65089
338 0.0853279 0.0912328 0.992167 -0.996348 0.00460435 0.085264 0.00321059 -0.995819 0.0912925 0.477429 0.925147 -4.51827
